---
poses:
- x: -60.0
  y: 60.0
  heading: 1.5707963267948966
- x: -48.0
  y: 24.0
  heading: 2.356194490192345
- x: -40.0
  y: 63.0
  heading: 0.0
- x: -24.0
  y: 63.0
  heading: 0.0
constraints:
  maximumVelocity: 25.0
  maximumAcceleration: 40.0
  maximumAngularVelocity: 3.141592653589793
  maximumAngularAcceleration: 6.283185307179586
