---
poses:
- x: 14.0
  y: 14.0
  heading: 0.7853981633974483
- x: 24.0
  y: 48.0
  heading: 0.7853981633974483
- x: 16.0
  y: 40.0
  heading: 0.7853981633974483
constraints:
  maximumVelocity: 25.0
  maximumAcceleration: 40.0
  maximumAngularVelocity: 3.141592653589793
  maximumAngularAcceleration: 6.283185307179586
