---
poses:
- x: -60.0
  y: 60.0
  heading: 2.356194490192345
- x: -36.0
  y: 36.0
  heading: 2.356194490192345
- x: -30.0
  y: 63.0
  heading: 0.0
- x: -24.0
  y: 63.0
  heading: 0.0
constraints:
  maximumVelocity: 25.0
  maximumAcceleration: 40.0
  maximumAngularVelocity: 3.141592653589793
  maximumAngularAcceleration: 6.283185307179586
