---
poses:
- x: -14.3
  y: 14.3
  heading: 1.5707963267948966
- x: -21.0
  y: 50.0
  heading: 2.1816615649929116
- x: -60.0
  y: 60.0
  heading: 3.141592653589793
constraints:
  maximumVelocity: 25.0
  maximumAcceleration: 40.0
  maximumAngularVelocity: 3.141592653589793
  maximumAngularAcceleration: 6.283185307179586
