---
poses:
- x: -13.0
  y: 13.0
  heading: 2.356194490192345
- x: -36.0
  y: 36.0
  heading: 2.356194490192345
- x: -40.0
  y: 55.0
  heading: 0.4363323129985824
- x: 30.0
  y: 60.0
  heading: 0.0
constraints:
  maximumVelocity: 25.0
  maximumAcceleration: 40.0
  maximumAngularVelocity: 3.141592653589793
  maximumAngularAcceleration: 6.283185307179586
