---
poses:
- x: -14.3
  y: 14.3
  heading: 2.356194490192345
- x: -60.0
  y: 60.0
  heading: 2.356194490192345
constraints:
  maximumVelocity: 25.0
  maximumAcceleration: 40.0
  maximumAngularVelocity: 3.141592653589793
  maximumAngularAcceleration: 6.283185307179586
