---
poses:
- x: -63.0
  y: 63.0
  heading: 0.0
- x: -40.0
  y: 63.0
  heading: 0.0
- x: 40.0
  y: 16.0
  heading: -0.7853981633974483
constraints:
  maximumVelocity: 2000.0
  maximumAcceleration: 20000.0
  maximumAngularVelocity: 3.141592653589793
  maximumAngularAcceleration: 6.283185307179586
