---
poses:
- x: 13.0
  y: 13.0
  heading: 0.7853981633974483
- x: 25.0
  y: 50.0
  heading: 0.7853981633974483
- x: -60.0
  y: 60.0
  heading: 0.0
- x: 30.0
  y: 60.0
  heading: 0.0
constraints:
  maximumVelocity: 25.0
  maximumAcceleration: 40.0
  maximumAngularVelocity: 3.141592653589793
  maximumAngularAcceleration: 6.283185307179586
